dateTime,connectStart,secureConnectionStart,requestStart,responseStart,networkTime,serverTime,service site,searching string
2023-12-04 23:01:33,85,128,184,276,43,49,Bing,Carnegie Mellon University
2023-12-04 23:01:35,41,90,150,281,49,82,Amazon,Carnegie Mellon University
2023-12-04 23:01:37,88,130,359,522,42,121,Youtube,Carnegie Mellon University
2023-12-04 23:01:42,8,46,99,209,38,72,Bing,Airbnb
2023-12-04 23:01:44,6,52,107,220,46,67,Amazon,Airbnb
2023-12-04 23:01:54,4,57,302,425,53,70,Amazon,Facebook
2023-12-04 23:01:57,58,100,333,407,42,32,Youtube,Facebook
2023-12-04 23:02:01,42,83,136,258,41,81,Bing,Youtube
2023-12-04 23:02:03,7,58,114,242,51,77,Amazon,Youtube
2023-12-04 23:02:05,43,78,203,279,35,41,Youtube,Youtube
2023-12-04 23:02:09,7,41,92,316,34,190,Bing,cirtic
2023-12-04 23:02:10,4,53,111,221,49,61,Amazon,cirtic
2023-12-04 23:02:12,41,77,193,263,36,34,Youtube,cirtic
2023-12-04 23:02:16,41,78,133,280,37,110,Bing,when would there be
2023-12-04 23:02:19,5,55,110,224,50,64,Amazon,when would there be
2023-12-04 23:02:21,41,76,212,289,35,42,Youtube,when would there be
2023-12-04 23:02:25,8,44,103,209,36,70,Bing,search the map for new
2023-12-04 23:02:26,7,60,118,245,53,74,Amazon,search the map for new
2023-12-04 23:02:28,45,85,213,286,40,33,Youtube,search the map for new
2023-12-04 23:02:32,44,81,136,241,37,68,Bing,suggestions on finals
2023-12-04 23:02:34,3,54,112,232,51,69,Amazon,suggestions on finals
2023-12-04 23:02:37,41,79,209,276,38,29,Youtube,suggestions on finals
2023-12-04 23:02:41,6,42,92,213,36,85,Bing,start
2023-12-04 23:02:43,93,148,204,328,55,69,Amazon,start
2023-12-04 23:02:45,45,87,213,279,42,24,Youtube,start
2023-12-04 23:02:49,6,40,91,189,34,64,Bing,ending
2023-12-04 23:02:52,5,52,109,221,47,65,Amazon,ending
2023-12-04 23:02:54,45,82,221,288,37,30,Youtube,ending
2023-12-04 23:02:58,40,77,131,265,37,97,Bing,safety
2023-12-04 23:03:00,4,89,166,284,85,33,Amazon,safety
2023-12-04 23:03:04,58,95,235,309,37,37,Youtube,safety
2023-12-04 23:03:09,6,53,315,415,47,53,Bing,data
2023-12-04 23:03:11,5,52,320,439,47,72,Amazon,data
2023-12-04 23:03:14,52,111,452,530,59,19,Youtube,data
2023-12-04 23:03:19,172,212,263,363,40,60,Bing,DDIO
2023-12-04 23:03:23,41,79,470,540,38,32,Youtube,DDIO
2023-12-04 23:03:28,6,43,99,433,37,297,Bing,MSFG
2023-12-04 23:03:29,5,63,130,285,58,97,Amazon,MSFG
2023-12-04 23:03:36,6,40,89,179,34,56,Bing,HOA
2023-12-04 23:03:38,4,56,117,294,52,125,Amazon,HOA
2023-12-04 23:03:40,50,99,244,318,49,25,Youtube,HOA
2023-12-04 23:03:44,6,40,92,185,34,59,Bing,FAFR
2023-12-04 23:03:45,6,53,115,239,47,77,Amazon,FAFR
2023-12-04 23:03:47,43,81,201,272,38,33,Youtube,FAFR
2023-12-04 23:03:51,9,44,94,211,35,82,Bing,WieSOichDichEmpfangen
2023-12-04 23:03:52,7,59,123,245,52,70,Amazon,WieSOichDichEmpfangen
2023-12-04 23:03:54,37,77,211,276,40,25,Youtube,WieSOichDichEmpfangen
2023-12-04 23:03:58,9,44,101,200,35,64,Bing,sagmichbitte
2023-12-04 23:03:59,5,52,112,225,47,66,Amazon,sagmichbitte
2023-12-04 23:04:00,39,74,197,274,35,42,Youtube,sagmichbitte
2023-12-04 23:04:05,41,77,129,295,36,130,Bing,ilAuraitSuffi
2023-12-04 23:04:06,4,52,111,225,48,66,Amazon,ilAuraitSuffi
2023-12-04 23:04:08,72,110,233,301,38,30,Youtube,ilAuraitSuffi
2023-12-04 23:04:22,6,46,96,194,40,58,Bing,Carnegie Mellon University
2023-12-04 23:04:24,7,54,110,227,47,70,Amazon,Carnegie Mellon University
2023-12-04 23:04:26,61,98,235,309,37,37,Youtube,Carnegie Mellon University
2023-12-04 23:04:30,54,91,142,254,37,75,Bing,Airbnb
2023-12-04 23:04:32,6,53,109,220,47,64,Amazon,Airbnb
2023-12-04 23:04:34,50,83,208,287,33,46,Youtube,Airbnb
2023-12-04 23:04:38,7,42,90,182,35,57,Bing,Facebook
2023-12-04 23:04:39,6,57,119,230,51,60,Amazon,Facebook
2023-12-04 23:04:42,44,86,230,311,42,39,Youtube,Facebook
2023-12-04 23:04:46,7,46,106,233,39,88,Bing,Youtube
2023-12-04 23:04:48,7,53,112,242,46,84,Amazon,Youtube
2023-12-04 23:04:51,50,85,240,313,35,38,Youtube,Youtube
2023-12-04 23:04:55,40,76,128,218,36,54,Bing,cirtic
2023-12-04 23:04:56,8,64,123,240,56,61,Amazon,cirtic
2023-12-04 23:04:59,39,80,213,289,41,35,Youtube,cirtic
2023-12-04 23:05:03,7,44,107,248,37,104,Bing,when would there be
2023-12-04 23:05:04,4,53,115,241,49,77,Amazon,when would there be
2023-12-04 23:05:07,38,81,219,287,43,25,Youtube,when would there be
2023-12-04 23:05:11,7,43,93,192,36,63,Bing,search the map for new
2023-12-04 23:05:12,17,66,126,245,49,70,Amazon,search the map for new
2023-12-04 23:05:14,60,96,225,298,36,37,Youtube,search the map for new
2023-12-04 23:05:18,43,82,138,237,39,60,Bing,suggestions on finals
2023-12-04 23:05:20,203,266,341,478,63,74,Amazon,suggestions on finals
2023-12-04 23:05:22,42,81,205,287,39,43,Youtube,suggestions on finals
2023-12-04 23:05:26,9,46,109,231,37,85,Bing,start
2023-12-04 23:05:28,10,58,161,291,48,82,Amazon,start
2023-12-04 23:05:30,44,83,212,289,39,38,Youtube,start
2023-12-04 23:05:34,6,45,94,190,39,57,Bing,ending
2023-12-04 23:05:36,4,58,119,242,54,69,Amazon,ending
2023-12-04 23:05:38,49,93,220,314,44,50,Youtube,ending
2023-12-04 23:05:42,7,43,101,235,36,98,Bing,safety
2023-12-04 23:05:50,57,97,199,269,40,30,Youtube,safety
2023-12-04 23:05:53,40,76,125,395,36,234,Bing,data
2023-12-04 23:05:55,4,54,110,239,50,79,Amazon,data
2023-12-04 23:05:58,46,85,227,312,39,46,Youtube,data
2023-12-04 23:06:02,7,44,101,220,37,82,Bing,DDIO
2023-12-04 23:06:03,9,60,117,227,51,59,Amazon,DDIO
2023-12-04 23:06:05,43,78,203,273,35,35,Youtube,DDIO
2023-12-04 23:06:09,7,43,90,213,36,87,Bing,MSFG
2023-12-04 23:06:10,5,57,114,238,52,72,Amazon,MSFG
2023-12-04 23:06:12,39,79,215,292,40,37,Youtube,MSFG
2023-12-04 23:06:16,4,44,96,189,40,53,Bing,HOA
2023-12-04 23:06:17,8,62,123,261,54,84,Amazon,HOA
2023-12-04 23:06:19,94,139,267,357,45,45,Youtube,HOA
2023-12-04 23:06:24,41,79,135,238,38,65,Bing,FAFR
2023-12-04 23:06:25,10,56,111,228,46,71,Amazon,FAFR
2023-12-04 23:06:27,55,90,216,280,35,29,Youtube,FAFR
2023-12-04 23:06:31,11,49,100,226,38,88,Bing,WieSOichDichEmpfangen
2023-12-04 23:06:32,5,58,120,236,53,63,Amazon,WieSOichDichEmpfangen
2023-12-04 23:06:34,45,85,208,282,40,34,Youtube,WieSOichDichEmpfangen
2023-12-04 23:06:39,7,45,94,311,38,179,Bing,sagmichbitte
2023-12-04 23:06:40,44,100,159,277,56,62,Amazon,sagmichbitte
2023-12-04 23:06:46,42,82,136,394,40,218,Bing,ilAuraitSuffi
2023-12-04 23:06:47,4,54,114,235,50,71,Amazon,ilAuraitSuffi
2023-12-04 23:06:49,37,72,206,277,35,36,Youtube,ilAuraitSuffi
2023-12-04 23:07:03,7,45,102,198,38,58,Bing,Carnegie Mellon University
2023-12-04 23:07:05,4,67,130,262,63,69,Amazon,Carnegie Mellon University
2023-12-04 23:07:07,52,93,272,374,41,61,Youtube,Carnegie Mellon University
2023-12-04 23:07:12,5,42,92,194,37,65,Bing,Airbnb
2023-12-04 23:07:14,8,60,117,437,52,268,Amazon,Airbnb
2023-12-04 23:07:17,42,82,227,297,40,30,Youtube,Airbnb
2023-12-04 23:07:23,4,54,110,236,50,76,Amazon,Facebook
2023-12-04 23:07:41,7,44,93,183,37,53,Bing,cirtic
2023-12-04 23:07:43,5,143,202,350,138,10,Amazon,cirtic
2023-12-04 23:07:50,7,44,103,196,37,56,Bing,when would there be
2023-12-04 23:07:51,5,54,113,231,49,69,Amazon,when would there be
2023-12-04 23:07:53,45,80,249,324,35,40,Youtube,when would there be
2023-12-04 23:07:58,43,78,129,374,35,210,Bing,search the map for new
2023-12-04 23:07:59,7,56,116,232,49,67,Amazon,search the map for new
2023-12-04 23:08:01,43,79,241,324,36,47,Youtube,search the map for new
2023-12-04 23:08:05,47,81,136,315,34,145,Bing,suggestions on finals
2023-12-04 23:08:06,4,53,111,231,49,71,Amazon,suggestions on finals
2023-12-04 23:08:09,46,83,248,321,37,36,Youtube,suggestions on finals
2023-12-04 23:08:13,7,45,94,232,38,100,Bing,start
2023-12-04 23:08:15,5,57,119,254,52,83,Amazon,start
2023-12-04 23:08:16,47,84,253,328,37,38,Youtube,start
2023-12-04 23:08:20,7,41,86,180,34,60,Bing,ending
2023-12-04 23:08:23,4,53,110,224,49,65,Amazon,ending
2023-12-04 23:08:25,43,86,268,334,43,23,Youtube,ending
2023-12-04 23:08:29,6,41,96,272,35,141,Bing,safety
2023-12-04 23:08:31,4,59,119,239,55,65,Amazon,safety
2023-12-04 23:08:33,45,84,248,313,39,26,Youtube,safety
2023-12-04 23:08:37,43,80,141,309,37,131,Bing,data
2023-12-04 23:08:39,5,56,110,232,51,71,Amazon,data
2023-12-04 23:08:42,43,83,256,329,40,33,Youtube,data
2023-12-04 23:08:46,6,42,93,210,36,81,Bing,DDIO
2023-12-04 23:08:47,3,56,108,219,53,58,Amazon,DDIO
2023-12-04 23:08:49,44,79,255,321,35,31,Youtube,DDIO
2023-12-04 23:08:53,7,50,101,228,43,84,Bing,MSFG
2023-12-04 23:08:55,6,65,141,266,59,66,Amazon,MSFG
2023-12-04 23:08:57,45,81,273,341,36,32,Youtube,MSFG
2023-12-04 23:09:01,42,78,127,220,36,57,Bing,HOA
2023-12-04 23:09:02,3,57,122,247,54,71,Amazon,HOA
2023-12-04 23:09:05,45,82,248,328,37,43,Youtube,HOA
2023-12-04 23:09:09,7,41,97,194,34,63,Bing,FAFR
2023-12-04 23:09:10,8,57,120,246,49,77,Amazon,FAFR
2023-12-04 23:09:12,45,85,271,355,40,44,Youtube,FAFR
2023-12-04 23:09:16,9,46,106,207,37,64,Bing,WieSOichDichEmpfangen
2023-12-04 23:09:18,4,52,109,326,48,169,Amazon,WieSOichDichEmpfangen
2023-12-04 23:09:21,51,108,586,926,57,283,Youtube,WieSOichDichEmpfangen
2023-12-04 23:09:25,117,156,210,310,39,61,Bing,sagmichbitte
2023-12-04 23:09:27,4,58,222,345,54,69,Amazon,sagmichbitte
2023-12-04 23:09:30,51,99,517,608,48,43,Youtube,sagmichbitte
2023-12-04 23:09:34,6,50,108,493,44,341,Bing,ilAuraitSuffi
2023-12-04 23:09:36,5,55,112,480,50,318,Amazon,ilAuraitSuffi
2023-12-04 23:09:40,102,139,556,651,37,58,Youtube,ilAuraitSuffi
